H                  0   145.000     2.050     0.000     0.000     0.000
H2                 1    38.000     2.920     0.000     0.790   280.000
HE                 0    10.200     2.576     0.000     0.000     0.000 ! *
C                  0    71.400     3.298     0.000     0.000     0.000 ! *
CH                 1    80.000     2.750     0.000     0.000     0.000
CH2                1   144.000     3.800     0.000     0.000     0.000
HCH                1   144.000     3.800     0.000     0.000     0.000
CH3                1   144.000     3.800     0.000     0.000     0.000
CH4                2   141.400     3.746     0.000     2.600    13.000
O                  0    80.000     2.750     0.000     0.000     0.000
OH                 1    80.000     2.750     0.000     0.000     0.000
H2O                2   572.400     2.605     1.844     0.000     4.000
C2                 1    97.530     3.621     0.000     1.760     4.000
C2H                1   209.000     4.100     0.000     0.000     2.500
C2H2               1   209.000     4.100     0.000     0.000     2.500
C2H3               2   209.000     4.100     0.000     0.000     1.000 ! *
C2H4               2   280.800     3.971     0.000     0.000     1.500
CO                 1    98.100     3.650     0.000     1.950     1.800
N2                 1    91.500     3.681     0.000     1.600     3.800
C2H5               2   252.300     4.302     0.000     0.000     1.500
HCO                2   498.000     3.590     0.000     0.000     0.000
C2H6               2   252.300     4.302     0.000     0.000     1.500
CH2O               2   498.000     3.590     0.000     0.000     2.000
CH3O               2   417.000     3.690     1.700     0.000     2.000
CH2OH              2   417.000     3.690     1.700     0.000     2.000
CH3OH              2   481.800     3.626     0.000     0.000     1.000 ! SVE
O2                 1   107.400     3.458     0.000     1.600     3.800
HO2                2   107.400     3.458     0.000     0.000     1.000 ! *
H2O2               2   107.400     3.458     0.000     0.000     3.800
C3H2               2   209.000     4.100     0.000     0.000     1.000 ! *
H2CCCH             2   252.000     4.760     0.000     0.000     1.000 ! JAM
C3H4CY             1   252.000     4.760     0.000     0.000     1.000 ! HR
C3H4               1   252.000     4.760     0.000     0.000     1.000
C3H4P              1   252.000     4.760     0.000     0.000     1.000 ! JAM
AR                 0   136.500     3.330     0.000     0.000     0.000
C2O                1   232.400     3.828     0.000     0.000     1.000 ! *
C3H5               2   266.800     4.982     0.000     0.000     1.000 ! cp
HCCO               2   150.000     2.500     0.000     0.000     1.000 ! *
C3H6               2   266.800     4.982     0.000     0.000     1.000
CH2CO              2   436.000     3.970     0.000     0.000     2.000
HCCOH              2   436.000     3.970     0.000     0.000     2.000
NC3H7              2   266.800     4.982     0.000     0.000     1.000
IC3H7              2   266.800     4.982     0.000     0.000     1.000
CH2CHO             2   436.000     3.970     0.000     0.000     2.000 !est. HR
CH3CO              2   436.000     3.970     0.000     0.000     2.000
C3H8               2   266.800     4.982     0.000     0.000     1.000
CH3CHO             2   436.000     3.970     0.000     0.000     2.000
CO2                1   244.000     3.763     0.000     2.650     2.100
CH3OCH2            2   436.000     3.970     0.000     0.000     2.000 !est. HR
CH3OCH3            2   436.000     3.970     0.000     0.000     2.000 !est. HR
C4H                1   357.000     5.180     0.000     0.000     1.000
C4H2               1   357.000     5.180     0.000     0.000     1.000
HCCHCCH            2   357.000     5.180     0.000     0.000     1.000 ! JAM
H2CCCCH            2   357.000     5.180     0.000     0.000     1.000 ! JAM
C4H4               2   357.000     5.180     0.000     0.000     1.000    !
CH2CHCHCH          2   357.000     5.180     0.000     0.000     1.000 ! JAM
CH2CHCCH2          2   357.000     5.180     0.000     0.000     1.000 ! JAM
HCCCO              2   436.000     3.970     0.000     0.000     2.000 !est. HR
C4H6-1             2   357.000     5.176     0.000     0.000     1.000 ! HR/04/01
C4H612             2   357.000     5.176     0.000     0.000     1.000
C4H613             2   357.000     5.176     0.000     0.000     1.000    !
HCCCHO             2   436.000     3.970     0.000     0.000     2.000 !est. HR
I-C4H7             2   357.000     5.180     0.000     0.000     1.000 !HR/11/99
CH2CHCO            2   436.000     3.970     0.000     0.000     2.000 !est. HR
CHCHCHO            2   436.000     3.970     0.000     0.000     2.000 !est. HR
C4H8               2   357.000     5.176     0.000     0.000     1.000
CH2CHCHO           2   436.000     3.970     0.000     0.000     2.000 !est. HR
C2H5CO             2   436.000     3.970     0.000     0.000     2.000 !est. HR
C2H5CHO            2   436.000     3.970     0.000     0.000     2.000 !est. HR
CH3COCH3           2   436.000     3.970     0.000     0.000     2.000 !est. HR
C5H2(L)            1   357.000     5.180     0.000     0.000     1.000
C5H3               1   357.000     5.180     0.000     0.000     1.000  !HR,10/00
C5H3(L)            1   357.000     5.180     0.000     0.000     1.000
C5H4               1   357.000     5.180     0.000     0.000     1.000  !HR,10/00
C5H4(L)            1   357.000     5.180     0.000     0.000     1.000  !HR,6/99
C5H5               1   357.000     5.180     0.000     0.000     1.000  !
C5H4H              1   357.000     5.180     0.000     0.000     1.000    !
C5H5(L)            1   357.000     5.180     0.000     0.000     1.000    !
C5H6               1   357.000     5.180     0.000     0.000     1.000    !
H2C4O              2   357.000     5.180     0.000     0.000     1.000 ! JAM
C6H                1   357.000     5.180     0.000     0.000     1.000
C6H2               1   357.000     5.180     0.000     0.000     1.000
C6H3               1   357.000     5.180     0.000     0.000     1.000 ! CP
BENZYNE            2   412.300     5.349     0.000     0.000     1.000 ! JAM
C6H4               2   412.300     5.349     0.000     0.000     1.000 ! JAM
C6H5               2   412.300     5.349     0.000     0.000     1.000 ! JAM
C6H5(L)            2   412.300     5.349     0.000     0.000     1.000 ! JAM
C6H6               2   412.300     5.349     0.000     0.000     1.000 ! SVE
C6H6F              2   412.300     5.349     0.000     0.000     1.000 ! LIN
C6H7               2   412.300     5.549     0.000     0.000     1.000 ! JAM
C6H813             2   412.300     5.549     0.000     0.000     1.000 ! guess
C6H814             2   412.300     5.549     0.000     0.000     1.000 ! guess
C5H5CH3            2   412.300     5.349     0.000     0.000     1.000 ! HR
C5H4O              2   450.000     5.500     0.000     0.000     1.000 !    !
C5H5O              2   450.000     5.500     0.000     0.000     1.000 !    !
C5H4OH             2   450.000     5.500     0.000     0.000     1.000 !    !
C6H5CH             2   450.000     5.549     0.000     0.000     1.000 ! as C6H7
C7H7               2   450.000     5.549     0.000     0.000     1.000 ! cp
C7H8               2   450.000     5.549     0.000     0.000     1.000 ! cp
C6H5O              2   450.000     5.500     0.000     0.000     1.000 ! JAM
C6H4OH             2   450.000     5.500     0.000     0.000     1.000 ! CP=c6h5o!
C6H5OH             2   450.000     5.500     0.000     0.000     1.000 !    !
A1C2H*2            2   450.000     5.646     0.000     0.000     1.000 ! HR
C8H6               2   450.000     5.646     0.000     0.000     1.000 ! cp
C6H5CHCH           2   450.000     5.646     0.000     0.000     1.000 ! HR
C8H7*2             2   450.000     5.646     0.000     0.000     1.000 ! HR
C8H8               2   450.000     5.683     0.000     0.000     1.000 ! cp !
C6H5CO             2   450.000     5.754     0.000     0.000     1.000 ! C7H8O
C8H10              2   450.000     5.719     0.000     0.000     1.000 ! cp
C6H5CHO            2   450.000     5.754     0.000     0.000     1.000 ! C7H8O
C6H3O2             2   450.000     5.500     0.000     0.000     1.000 ! HR
C6H5CH2OH          2   450.000     5.754     0.000     0.000     1.000 ! C7H8O
C7H8O              2   450.000     5.754     0.000     0.000     1.000 !ro=1.8 
C6H5OCH3           2   450.000     5.754     0.000     0.000     1.000 ! C7H8O
OC6H4O2            2   450.000     5.500     0.000     0.000     1.000 ! HR
PC6H4O2            2   450.000     5.500     0.000     0.000     1.000 ! HR
INDENE*            2   402.900     6.744     0.000     0.000     1.000 ! "
C6H5C3H2           2   450.000     5.719     0.000     0.000     1.000 !HR
INDENE             2   402.900     6.744     0.000     0.000     1.000 ! A2 (HR)
C6H3O3             2   450.000     5.500     0.000     0.000     1.000 !  "
A2T1               2   450.000     6.090     0.000     0.000     1.000 ! cp/HR
A2T2               2   450.000     6.090     0.000     0.000     1.000 ! cp/HR
C10H7*1            2   450.000     6.090     0.000     0.000     1.000 ! cp, HR
C10H7*2            2   450.000     6.090     0.000     0.000     1.000 ! cp, HR
C10H8              2   450.000     6.090     0.000     0.000     1.000 ! cp !
A2CH2-1            2   402.900     6.744     0.000     0.000     1.000 ! "
A2CH2-2            2   402.900     6.744     0.000     0.000     1.000 ! "
A2CH3-1            2   402.900     6.744     0.000     0.000     1.000 ! "
A2CH3-2            2   402.900     6.744     0.000     0.000     1.000 ! "
C10H7O-1           2   402.900     6.744     0.000     0.000     1.000 ! "
C10H7O-2           2   402.900     6.744     0.000     0.000     1.000 ! "
C10H7OH-1          2   402.900     6.744     0.000     0.000     1.000 ! "
C10H7OH-2          2   402.900     6.744     0.000     0.000     1.000 ! "
A2C2H-1*2          2   402.900     6.744     0.000     0.000     1.000 ! "
A2C2H-2*1          2   402.900     6.744     0.000     0.000     1.000 ! "
A2C2H-2*3          2   402.900     6.744     0.000     0.000     1.000 ! "
A2C2H-1            2   402.900     6.744     0.000     0.000     1.000 ! "
A2C2H-2            2   402.900     6.744     0.000     0.000     1.000 ! "
A2R5               2   523.400     6.568     0.000     0.000     1.000 ! CJP MS
BIPHEN             2   523.400     6.568     0.000     0.000     1.000 !HR
A2VINP             2   402.900     6.744     0.000     0.000     1.000 ! "
C12H9              2   450.000     6.463     0.000     0.000     1.000 ! cp !
HA2R5              2   523.400     6.568     0.000     0.000     1.000 ! "
BIPHENH            2   523.400     6.568     0.000     0.000     1.000 !HR
A2C2H3-2           2   402.900     6.744     0.000     0.000     1.000 ! "
C12H10             2   450.000     6.477     0.000     0.000     1.000 !ro=1.8!
A2R5H2             2   523.400     6.568     0.000     0.000     1.000 ! "
C6H5OC6H5          2   450.000     6.477     0.000     0.000     1.000 !C12H10, HR
A3*1               2   523.400     6.568     0.000     0.000     1.000 ! A2R5
A3*2               2   523.400     6.568     0.000     0.000     1.000 ! "
A3*4               2   523.400     6.568     0.000     0.000     1.000 ! "
A3*9               2   523.400     6.568     0.000     0.000     1.000 ! "
A3L*1              2   523.400     6.568     0.000     0.000     1.000 ! "
A3L*2              2   523.400     6.568     0.000     0.000     1.000 ! "
A3L*9              2   523.400     6.568     0.000     0.000     1.000 ! "
A3                 2   523.400     6.568     0.000     0.000     1.000 ! A2R5
A3L                2   523.400     6.568     0.000     0.000     1.000 ! A3
A21C6H4            2   776.200     7.407     0.000     0.000     1.000 ! fluor/HR
A22C6H4            2   776.200     7.407     0.000     0.000     1.000 ! fluor/HR
