TITLE = "Solution on Domain SurDomain1D_1"
VARIABLES = "t [s]"  
"x [m]"  
"Vel_axial(0)" 	"MF_sp(ECDMC)" 	"MF_sp(Li+)" 	"MF_sp(PF6-)" 	"Volt(Electroly)" 	"Volt(AnodeVolt)" 	
0 	0.0001 	0 	0.843947 	0.0780266 	0.0780266 	-0.07 	0 	
1e-08 	0.0001 	1.61738e-08 	0.843947 	0.0780266 	0.0780266 	-0.148426 	-1.42846e-05 	
2e-08 	0.0001 	1.61738e-08 	0.843947 	0.0780266 	0.0780266 	-0.148426 	-1.42846e-05 	
3e-08 	0.0001 	1.61738e-08 	0.843947 	0.0780266 	0.0780266 	-0.148426 	-1.42846e-05 	
4e-08 	0.0001 	1.61738e-08 	0.843947 	0.0780266 	0.0780266 	-0.148426 	-1.42846e-05 	
5.5e-08 	0.0001 	1.61738e-08 	0.843947 	0.0780266 	0.0780266 	-0.148426 	-1.42846e-05 	
7.75e-08 	0.0001 	1.61738e-08 	0.843947 	0.0780266 	0.0780266 	-0.148426 	-1.42846e-05 	
1.1125e-07 	0.0001 	1.61738e-08 	0.843947 	0.0780266 	0.0780266 	-0.148426 	-1.42846e-05 	
1.61875e-07 	0.0001 	1.61738e-08 	0.843947 	0.0780266 	0.0780266 	-0.148426 	-1.42846e-05 	
2.37813e-07 	0.0001 	1.61738e-08 	0.843947 	0.0780266 	0.0780266 	-0.148426 	-1.42846e-05 	
3.51719e-07 	0.0001 	1.61738e-08 	0.843947 	0.0780266 	0.0780266 	-0.148426 	-1.42846e-05 	
5.22578e-07 	0.0001 	1.61738e-08 	0.843947 	0.0780266 	0.0780266 	-0.148426 	-1.42846e-05 	
7.78867e-07 	0.0001 	1.61738e-08 	0.843947 	0.0780266 	0.0780266 	-0.148426 	-1.42846e-05 	
1.1633e-06 	0.0001 	1.61738e-08 	0.843947 	0.0780266 	0.0780266 	-0.148426 	-1.42846e-05 	
1.73995e-06 	0.0001 	1.61738e-08 	0.843947 	0.0780266 	0.0780266 	-0.148426 	-1.42846e-05 	
2.60493e-06 	0.0001 	1.61738e-08 	0.843947 	0.0780266 	0.0780266 	-0.148426 	-1.42846e-05 	
3.90239e-06 	0.0001 	1.61738e-08 	0.843947 	0.0780266 	0.0780266 	-0.148426 	-1.42846e-05 	
5.84859e-06 	0.0001 	1.61738e-08 	0.843947 	0.0780266 	0.0780266 	-0.148426 	-1.42846e-05 	
8.76788e-06 	0.0001 	1.61738e-08 	0.843947 	0.0780266 	0.0780266 	-0.148426 	-1.42846e-05 	
1.31468e-05 	0.0001 	1.61738e-08 	0.843947 	0.0780266 	0.0780266 	-0.148426 	-1.42846e-05 	
1.97152e-05 	0.0001 	1.61738e-08 	0.843947 	0.0780266 	0.0780266 	-0.148426 	-1.42846e-05 	
2.95678e-05 	0.0001 	1.61738e-08 	0.843947 	0.0780266 	0.0780266 	-0.148426 	-1.42846e-05 	
4.43468e-05 	0.0001 	1.61738e-08 	0.843947 	0.0780266 	0.0780266 	-0.148426 	-1.42846e-05 	
6.65151e-05 	0.0001 	1.61738e-08 	0.843947 	0.0780266 	0.0780266 	-0.148426 	-1.42846e-05 	
9.97677e-05 	0.0001 	1.61738e-08 	0.843947 	0.0780266 	0.0780266 	-0.148426 	-1.42846e-05 	
0.000149647 	0.0001 	1.61738e-08 	0.843947 	0.0780266 	0.0780266 	-0.148426 	-1.42846e-05 	
0.000224465 	0.0001 	1.61738e-08 	0.843947 	0.0780266 	0.0780266 	-0.148426 	-1.42846e-05 	
0.000336692 	0.0001 	1.61738e-08 	0.843947 	0.0780266 	0.0780266 	-0.148426 	-1.42846e-05 	
0.000505033 	0.0001 	1.61738e-08 	0.843947 	0.0780266 	0.0780266 	-0.148426 	-1.42846e-05 	
0.000757545 	0.0001 	1.61738e-08 	0.843947 	0.0780266 	0.0780266 	-0.148426 	-1.42846e-05 	
0.00113631 	0.0001 	1.61738e-08 	0.843947 	0.0780266 	0.0780266 	-0.148426 	-1.42846e-05 	
0.00170446 	0.0001 	1.61738e-08 	0.843947 	0.0780266 	0.0780266 	-0.148426 	-1.42846e-05 	
0.00255669 	0.0001 	1.61738e-08 	0.843947 	0.0780266 	0.0780266 	-0.148426 	-1.42846e-05 	
0.00383503 	0.0001 	1.61738e-08 	0.843947 	0.0780266 	0.0780266 	-0.148426 	-1.42846e-05 	
0.00575254 	0.0001 	1.61738e-08 	0.843947 	0.0780266 	0.0780266 	-0.148426 	-1.42846e-05 	
0.00862881 	0.0001 	1.61738e-08 	0.843947 	0.0780266 	0.0780266 	-0.148426 	-1.42846e-05 	
0.0129432 	0.0001 	1.61738e-08 	0.843947 	0.0780266 	0.0780266 	-0.148426 	-1.42846e-05 	
0.0194148 	0.0001 	1.61738e-08 	0.843947 	0.0780266 	0.0780266 	-0.148426 	-1.42846e-05 	
0.0291222 	0.0001 	1.61738e-08 	0.843947 	0.0780266 	0.0780266 	-0.148427 	-1.42846e-05 	
0.0436833 	0.0001 	1.61738e-08 	0.843947 	0.0780266 	0.0780266 	-0.148427 	-1.42846e-05 	
0.0655249 	0.0001 	1.61738e-08 	0.843947 	0.0780266 	0.0780266 	-0.148427 	-1.42846e-05 	
0.0982874 	0.0001 	1.61738e-08 	0.843947 	0.0780266 	0.0780266 	-0.148427 	-1.42846e-05 	
0.147431 	0.0001 	1.61738e-08 	0.843947 	0.0780266 	0.0780266 	-0.148427 	-1.42846e-05 	
0.221147 	0.0001 	1.61738e-08 	0.843947 	0.0780266 	0.0780266 	-0.148428 	-1.42846e-05 	
0.33172 	0.0001 	1.61738e-08 	0.843947 	0.0780266 	0.0780266 	-0.148429 	-1.42846e-05 	
0.49758 	0.0001 	1.61738e-08 	0.843947 	0.0780266 	0.0780266 	-0.14843 	-1.42846e-05 	
0.74637 	0.0001 	1.61738e-08 	0.843947 	0.0780266 	0.0780266 	-0.148432 	-1.42846e-05 	
1.11955 	0.0001 	1.61738e-08 	0.843947 	0.0780266 	0.0780266 	-0.148434 	-1.42846e-05 	
1.67933 	0.0001 	1.61738e-08 	0.843947 	0.0780266 	0.0780266 	-0.148438 	-1.42846e-05 	
2.519 	0.0001 	1.61738e-08 	0.843947 	0.0780266 	0.0780266 	-0.148444 	-1.42846e-05 	
3.7785 	0.0001 	1.61738e-08 	0.843947 	0.0780266 	0.0780266 	-0.148453 	-1.42846e-05 	
5.66775 	0.0001 	1.61738e-08 	0.843947 	0.0780266 	0.0780266 	-0.148467 	-1.42846e-05 	
8.50162 	0.0001 	1.61738e-08 	0.843947 	0.0780266 	0.0780266 	-0.148487 	-1.42846e-05 	
12.7524 	0.0001 	1.61738e-08 	0.843947 	0.0780266 	0.0780266 	-0.148518 	-1.42846e-05 	
17.2088 	0.0001 	1.61738e-08 	0.843947 	0.0780266 	0.0780266 	-0.14856 	-1.42846e-05 	
23.8933 	0.0001 	1.61738e-08 	0.843947 	0.0780266 	0.0780266 	-0.148603 	-1.42846e-05 	
29.3712 	0.0001 	1.61738e-08 	0.843947 	0.0780266 	0.0780266 	-0.148653 	-1.42846e-05 	
37.5881 	0.0001 	1.61738e-08 	0.843947 	0.0780266 	0.0780266 	-0.148713 	-1.42846e-05 	
43.9884 	0.0001 	1.61738e-08 	0.843947 	0.0780266 	0.0780266 	-0.148772 	-1.42846e-05 	
53.5888 	0.0001 	1.61738e-08 	0.843947 	0.0780266 	0.0780266 	-0.148848 	-1.42846e-05 	
62.2632 	0.0001 	1.61738e-08 	0.843947 	0.0780266 	0.0780266 	-0.148926 	-1.42846e-05 	
75.2748 	0.0001 	1.61738e-08 	0.843947 	0.0780266 	0.0780266 	-0.149023 	-1.42846e-05 	
87.7511 	0.0001 	1.61738e-08 	0.843947 	0.0780266 	0.0780266 	-0.149133 	-1.42846e-05 	
106.466 	0.0001 	1.61738e-08 	0.843947 	0.0780266 	0.0780266 	-0.149273 	-1.42846e-05 	
124.544 	0.0001 	1.61738e-08 	0.843947 	0.0780266 	0.0780266 	-0.14944 	-1.42846e-05 	
145.818 	0.0001 	1.61738e-08 	0.843947 	0.0780266 	0.0780266 	-0.149621 	-1.42847e-05 	
170.818 	0.0001 	1.61738e-08 	0.843947 	0.0780266 	0.0780266 	-0.149839 	-1.42847e-05 	
195.818 	0.0001 	1.61738e-08 	0.843947 	0.0780266 	0.0780266 	-0.150073 	-1.42847e-05 	
217.607 	0.0001 	1.61738e-08 	0.843947 	0.0780266 	0.0780266 	-0.150297 	-1.42847e-05 	
235.501 	0.0001 	1.61738e-08 	0.843947 	0.0780266 	0.0780266 	-0.150529 	-1.42847e-05 	
251.272 	0.0001 	1.61738e-08 	0.843947 	0.0780266 	0.0780266 	-0.150696 	-1.42847e-05 	
270.01 	0.0001 	1.61738e-08 	0.843947 	0.0780266 	0.0780266 	-0.150876 	-1.42847e-05 	
283.866 	0.0001 	1.61738e-08 	0.843947 	0.0780266 	0.0780266 	-0.151063 	-1.42848e-05 	
293.616 	0.0001 	1.61738e-08 	0.843947 	0.0780266 	0.0780266 	-0.151179 	-1.42848e-05 	
307.904 	0.0001 	1.61738e-08 	0.843947 	0.0780266 	0.0780266 	-0.151316 	-1.42848e-05 	
315.863 	0.0001 	1.61738e-08 	0.843947 	0.0780266 	0.0780266 	-0.151454 	-1.42848e-05 	
323.823 	0.0001 	1.61738e-08 	0.843947 	0.0780266 	0.0780266 	-0.151556 	-1.42848e-05 	
331.783 	0.0001 	1.61738e-08 	0.843947 	0.0780266 	0.0780266 	-0.15166 	-1.42848e-05 	
340.705 	0.0001 	1.61738e-08 	0.843947 	0.0780266 	0.0780266 	-0.151768 	-1.42848e-05 	
351.904 	0.0001 	1.61738e-08 	0.843947 	0.0780266 	0.0780266 	-0.151934 	-1.42848e-05 	
362.212 	0.0001 	1.61738e-08 	0.843947 	0.0780266 	0.0780266 	-0.152079 	-1.42848e-05 	
371.361 	0.0001 	1.61738e-08 	0.843947 	0.0780266 	0.0780266 	-0.152212 	-1.42848e-05 	
382.004 	0.0001 	1.61738e-08 	0.843947 	0.0780266 	0.0780266 	-0.152351 	-1.42849e-05 	
397.969 	0.0001 	1.61738e-08 	0.843947 	0.0780266 	0.0780266 	-0.152587 	-1.42849e-05 	
411.804 	0.0001 	1.61738e-08 	0.843947 	0.0780266 	0.0780266 	-0.152839 	-1.42849e-05 	
425.413 	0.0001 	1.61738e-08 	0.843947 	0.0780266 	0.0780266 	-0.153066 	-1.42849e-05 	
437.196 	0.0001 	1.61738e-08 	0.843947 	0.0780266 	0.0780266 	-0.153268 	-1.42849e-05 	
448.643 	0.0001 	1.61738e-08 	0.843947 	0.0780266 	0.0780266 	-0.153472 	-1.42849e-05 	
458.105 	0.0001 	1.61738e-08 	0.843947 	0.0780266 	0.0780266 	-0.153644 	-1.42849e-05 	
469.003 	0.0001 	1.61738e-08 	0.843947 	0.0780266 	0.0780266 	-0.153825 	-1.4285e-05 	
476.149 	0.0001 	1.61738e-08 	0.843947 	0.0780266 	0.0780266 	-0.153986 	-1.4285e-05 	
486.868 	0.0001 	1.61738e-08 	0.843947 	0.0780266 	0.0780266 	-0.15415 	-1.4285e-05 	
492.535 	0.0001 	1.61738e-08 	0.843947 	0.0780266 	0.0780266 	-0.15431 	-1.4285e-05 	
500.859 	0.0001 	1.61738e-08 	0.843947 	0.0780266 	0.0780266 	-0.154443 	-1.4285e-05 	
506.473 	0.0001 	1.61738e-08 	0.843947 	0.0780266 	0.0780266 	-0.154597 	-1.4285e-05 	
513.57 	0.0001 	1.61738e-08 	0.843947 	0.0780266 	0.0780266 	-0.154722 	-1.4285e-05 	
519.128 	0.0001 	1.61738e-08 	0.843947 	0.0780266 	0.0780266 	-0.154867 	-1.4285e-05 	
526.653 	0.0001 	1.61738e-08 	0.843947 	0.0780266 	0.0780266 	-0.154999 	-1.4285e-05 	
532.079 	0.0001 	1.61738e-08 	0.843947 	0.0780266 	0.0780266 	-0.155151 	-1.4285e-05 	
538.977 	0.0001 	1.61738e-08 	0.843947 	0.0780266 	0.0780266 	-0.15528 	-1.42851e-05 	
544.524 	0.0001 	1.61738e-08 	0.843947 	0.0780266 	0.0780266 	-0.155433 	-1.42851e-05 	
551.458 	0.0001 	1.61738e-08 	0.843947 	0.0780266 	0.0780266 	-0.155568 	-1.42851e-05 	
557.142 	0.0001 	1.61738e-08 	0.843947 	0.0780266 	0.0780266 	-0.155728 	-1.42851e-05 	
564.055 	0.0001 	1.61738e-08 	0.843947 	0.0780266 	0.0780266 	-0.155869 	-1.42851e-05 	
569.98 	0.0001 	1.61738e-08 	0.843947 	0.0780266 	0.0780266 	-0.156037 	-1.42851e-05 	
577.133 	0.0001 	1.61738e-08 	0.843947 	0.0780266 	0.0780266 	-0.156188 	-1.42851e-05 	
583.533 	0.0001 	1.61738e-08 	0.843947 	0.0780266 	0.0780266 	-0.156373 	-1.42851e-05 	
590.648 	0.0001 	1.61738e-08 	0.843947 	0.0780266 	0.0780266 	-0.156537 	-1.42851e-05 	
597.867 	0.0001 	1.61738e-08 	0.843947 	0.0780266 	0.0780266 	-0.15674 	-1.42851e-05 	
606.624 	0.0001 	1.61738e-08 	0.843947 	0.0780266 	0.0780266 	-0.156936 	-1.42852e-05 	
614.909 	0.0001 	1.61738e-08 	0.843947 	0.0780266 	0.0780266 	-0.15719 	-1.42852e-05 	
622.272 	0.0001 	1.61738e-08 	0.843947 	0.0780266 	0.0780266 	-0.15739 	-1.42852e-05 	
633.316 	0.0001 	1.61738e-08 	0.843947 	0.0780266 	0.0780266 	-0.157627 	-1.42852e-05 	
642.102 	0.0001 	1.61738e-08 	0.843947 	0.0780266 	0.0780266 	-0.157942 	-1.42852e-05 	
648.735 	0.0001 	1.61738e-08 	0.843947 	0.0780266 	0.0780266 	-0.158131 	-1.42852e-05 	
658.685 	0.0001 	1.61738e-08 	0.843947 	0.0780266 	0.0780266 	-0.158355 	-1.42852e-05 	
666.551 	0.0001 	1.61738e-08 	0.843947 	0.0780266 	0.0780266 	-0.15865 	-1.42852e-05 	
672.694 	0.0001 	1.61738e-08 	0.843947 	0.0780266 	0.0780266 	-0.158833 	-1.42852e-05 	
681.909 	0.0001 	1.61738e-08 	0.843947 	0.0780266 	0.0780266 	-0.159048 	-1.42852e-05 	
689.515 	0.0001 	1.61738e-08 	0.843947 	0.0780266 	0.0780266 	-0.159341 	-1.42853e-05 	
695.273 	0.0001 	1.61738e-08 	0.843947 	0.0780266 	0.0780266 	-0.159518 	-1.42853e-05 	
703.91 	0.0001 	1.61738e-08 	0.843947 	0.0780266 	0.0780266 	-0.159727 	-1.42853e-05 	
711.099 	0.0001 	1.61738e-08 	0.843947 	0.0780266 	0.0780266 	-0.160012 	-1.42853e-05 	
716.538 	0.0001 	1.61738e-08 	0.843947 	0.0780266 	0.0780266 	-0.160184 	-1.42853e-05 	
724.697 	0.0001 	1.61738e-08 	0.843947 	0.0780266 	0.0780266 	-0.160386 	-1.42853e-05 	
731.6 	0.0001 	1.61738e-08 	0.843947 	0.0780266 	0.0780266 	-0.160665 	-1.42853e-05 	
736.771 	0.0001 	1.61738e-08 	0.843947 	0.0780266 	0.0780266 	-0.160832 	-1.42853e-05 	
744.527 	0.0001 	1.61738e-08 	0.843947 	0.0780266 	0.0780266 	-0.161028 	-1.42853e-05 	
751.172 	0.0001 	1.61738e-08 	0.843947 	0.0780266 	0.0780266 	-0.161301 	-1.42853e-05 	
756.15 	0.0001 	1.61738e-08 	0.843947 	0.0780266 	0.0780266 	-0.161464 	-1.42853e-05 	
763.616 	0.0001 	1.61738e-08 	0.843947 	0.0780266 	0.0780266 	-0.161656 	-1.42853e-05 	
769.901 	0.0001 	1.61738e-08 	0.843947 	0.0780266 	0.0780266 	-0.161919 	-1.42853e-05 	
774.694 	0.0001 	1.61738e-08 	0.843947 	0.0780266 	0.0780266 	-0.162078 	-1.42853e-05 	
781.885 	0.0001 	1.61738e-08 	0.843947 	0.0780266 	0.0780266 	-0.162264 	-1.42853e-05 	
787.898 	0.0001 	1.61738e-08 	0.843947 	0.0780266 	0.0780266 	-0.162518 	-1.42853e-05 	
792.563 	0.0001 	1.61738e-08 	0.843947 	0.0780266 	0.0780266 	-0.162674 	-1.42853e-05 	
799.562 	0.0001 	1.61738e-08 	0.843947 	0.0780266 	0.0780266 	-0.162857 	-1.42853e-05 	
805.356 	0.0001 	1.61738e-08 	0.843947 	0.0780266 	0.0780266 	-0.163103 	-1.42853e-05 	
809.923 	0.0001 	1.61738e-08 	0.843947 	0.0780266 	0.0780266 	-0.163256 	-1.42853e-05 	
816.772 	0.0001 	1.61738e-08 	0.843947 	0.0780266 	0.0780266 	-0.163435 	-1.42853e-05 	
822.412 	0.0001 	1.61738e-08 	0.843947 	0.0780266 	0.0780266 	-0.163676 	-1.42853e-05 	
826.902 	0.0001 	1.61738e-08 	0.843947 	0.0780266 	0.0780266 	-0.163827 	-1.42853e-05 	
833.638 	0.0001 	1.61738e-08 	0.843947 	0.0780266 	0.0780266 	-0.164003 	-1.42853e-05 	
839.106 	0.0001 	1.61738e-08 	0.843947 	0.0780266 	0.0780266 	-0.164236 	-1.42854e-05 	
843.519 	0.0001 	1.61738e-08 	0.843947 	0.0780266 	0.0780266 	-0.164384 	-1.42854e-05 	
850.138 	0.0001 	1.61738e-08 	0.843947 	0.0780266 	0.0780266 	-0.164556 	-1.42853e-05 	
855.449 	0.0001 	1.61738e-08 	0.843947 	0.0780266 	0.0780266 	-0.164782 	-1.42853e-05 	
859.796 	0.0001 	1.61738e-08 	0.843947 	0.0780266 	0.0780266 	-0.164927 	-1.42853e-05 	
866.316 	0.0001 	1.61738e-08 	0.843947 	0.0780266 	0.0780266 	-0.165096 	-1.42853e-05 	
871.491 	0.0001 	1.61738e-08 	0.843947 	0.0780266 	0.0780266 	-0.165315 	-1.42853e-05 	
875.782 	0.0001 	1.61738e-08 	0.843947 	0.0780266 	0.0780266 	-0.165456 	-1.42853e-05 	
882.218 	0.0001 	1.61738e-08 	0.843947 	0.0780266 	0.0780266 	-0.165621 	-1.42853e-05 	
887.271 	0.0001 	1.61738e-08 	0.843947 	0.0780266 	0.0780266 	-0.165834 	-1.42853e-05 	
891.532 	0.0001 	1.61738e-08 	0.843947 	0.0780266 	0.0780266 	-0.165973 	-1.42853e-05 	
897.924 	0.0001 	1.61738e-08 	0.843947 	0.0780266 	0.0780266 	-0.166135 	-1.42853e-05 	
902.864 	0.0001 	1.61738e-08 	0.843947 	0.0780266 	0.0780266 	-0.166341 	-1.42853e-05 	
907.104 	0.0001 	1.61738e-08 	0.843947 	0.0780266 	0.0780266 	-0.166477 	-1.42853e-05 	
913.464 	0.0001 	1.61738e-08 	0.843947 	0.0780266 	0.0780266 	-0.166636 	-1.42853e-05 	
918.333 	0.0001 	1.61738e-08 	0.843947 	0.0780266 	0.0780266 	-0.166837 	-1.42853e-05 	
922.556 	0.0001 	1.61738e-08 	0.843947 	0.0780266 	0.0780266 	-0.166971 	-1.42853e-05 	
928.891 	0.0001 	1.61738e-08 	0.843947 	0.0780266 	0.0780266 	-0.167127 	-1.42853e-05 	
934.093 	0.0001 	1.61738e-08 	0.843947 	0.0780266 	0.0780266 	-0.167334 	-1.42853e-05 	
938.297 	0.0001 	1.61738e-08 	0.843947 	0.0780266 	0.0780266 	-0.167465 	-1.42853e-05 	
944.604 	0.0001 	1.61738e-08 	0.843947 	0.0780266 	0.0780266 	-0.167618 	-1.42853e-05 	
949.747 	0.0001 	1.61738e-08 	0.843947 	0.0780266 	0.0780266 	-0.167819 	-1.42853e-05 	
954.022 	0.0001 	1.61738e-08 	0.843947 	0.0780266 	0.0780266 	-0.16795 	-1.42853e-05 	
960.435 	0.0001 	1.61738e-08 	0.843947 	0.0780266 	0.0780266 	-0.168102 	-1.42853e-05 	
965.665 	0.0001 	1.61738e-08 	0.843947 	0.0780266 	0.0780266 	-0.168303 	-1.42853e-05 	
969.983 	0.0001 	1.61738e-08 	0.843947 	0.0780266 	0.0780266 	-0.168432 	-1.42853e-05 	
976.459 	0.0001 	1.61738e-08 	0.843947 	0.0780266 	0.0780266 	-0.168582 	-1.42853e-05 	
981.671 	0.0001 	1.61738e-08 	0.843947 	0.0780266 	0.0780266 	-0.168779 	-1.42853e-05 	
986.022 	0.0001 	1.61738e-08 	0.843947 	0.0780266 	0.0780266 	-0.168906 	-1.42853e-05 	
992.55 	0.0001 	1.61738e-08 	0.843947 	0.0780266 	0.0780266 	-0.169054 	-1.42853e-05 	
997.758 	0.0001 	1.61738e-08 	0.843947 	0.0780266 	0.0780266 	-0.169246 	-1.42853e-05 	
1002.14 	0.0001 	1.61738e-08 	0.843947 	0.0780266 	0.0780266 	-0.169372 	-1.42853e-05 	
1008.71 	0.0001 	1.61738e-08 	0.843947 	0.0780266 	0.0780266 	-0.169517 	-1.42853e-05 	
1013.89 	0.0001 	1.61738e-08 	0.843947 	0.0780266 	0.0780266 	-0.169704 	-1.42853e-05 	
1018.3 	0.0001 	1.61738e-08 	0.843947 	0.0780266 	0.0780266 	-0.169827 	-1.42853e-05 	
1024.9 	0.0001 	1.61738e-08 	0.843947 	0.0780266 	0.0780266 	-0.169969 	-1.42853e-05 	
1030.06 	0.0001 	1.61738e-08 	0.843947 	0.0780266 	0.0780266 	-0.170151 	-1.42853e-05 	
1034.48 	0.0001 	1.61738e-08 	0.843947 	0.0780266 	0.0780266 	-0.170272 	-1.42852e-05 	
1041.12 	0.0001 	1.61738e-08 	0.843947 	0.0780266 	0.0780266 	-0.170411 	-1.42852e-05 	
1046.25 	0.0001 	1.61738e-08 	0.843947 	0.0780266 	0.0780266 	-0.170587 	-1.42852e-05 	
1050.69 	0.0001 	1.61738e-08 	0.843947 	0.0780266 	0.0780266 	-0.170705 	-1.42852e-05 	
1057.34 	0.0001 	1.61738e-08 	0.843947 	0.0780266 	0.0780266 	-0.170842 	-1.42852e-05 	
1062.43 	0.0001 	1.61738e-08 	0.843947 	0.0780266 	0.0780266 	-0.171012 	-1.42852e-05 	
1066.88 	0.0001 	1.61738e-08 	0.843947 	0.0780266 	0.0780266 	-0.171127 	-1.42852e-05 	
1073.55 	0.0001 	1.61738e-08 	0.843947 	0.0780266 	0.0780266 	-0.17126 	-1.42852e-05 	
1078.6 	0.0001 	1.61738e-08 	0.843947 	0.0780266 	0.0780266 	-0.171426 	-1.42852e-05 	
1083.05 	0.0001 	1.61738e-08 	0.843947 	0.0780266 	0.0780266 	-0.171538 	-1.42852e-05 	
1089.73 	0.0001 	1.61738e-08 	0.843947 	0.0780266 	0.0780266 	-0.171668 	-1.42852e-05 	
1094.26 	0.0001 	1.61738e-08 	0.843947 	0.0780266 	0.0780266 	-0.171816 	-1.42852e-05 	
1098.45 	0.0001 	1.61738e-08 	0.843947 	0.0780266 	0.0780266 	-0.171919 	-1.42852e-05 	
1104.74 	0.0001 	1.61738e-08 	0.843947 	0.0780266 	0.0780266 	-0.172038 	-1.42852e-05 	
1109.04 	0.0001 	1.61738e-08 	0.843947 	0.0780266 	0.0780266 	-0.172175 	-1.42852e-05 	
1112.94 	0.0001 	1.61738e-08 	0.843947 	0.0780266 	0.0780266 	-0.172269 	-1.42852e-05 	
1118.79 	0.0001 	1.61738e-08 	0.843947 	0.0780266 	0.0780266 	-0.172377 	-1.42852e-05 	
1123.05 	0.0001 	1.61738e-08 	0.843947 	0.0780266 	0.0780266 	-0.172508 	-1.42852e-05 	
1126.83 	0.0001 	1.61738e-08 	0.843947 	0.0780266 	0.0780266 	-0.172597 	-1.42852e-05 	
1132.49 	0.0001 	1.61738e-08 	0.843947 	0.0780266 	0.0780266 	-0.1727 	-1.42852e-05 	
1136.79 	0.0001 	1.61738e-08 	0.843947 	0.0780266 	0.0780266 	-0.172828 	-1.42852e-05 	
1140.7 	0.0001 	1.61738e-08 	0.843947 	0.0780266 	0.0780266 	-0.172917 	-1.42852e-05 	
1146.56 	0.0001 	1.61738e-08 	0.843947 	0.0780266 	0.0780266 	-0.173021 	-1.42852e-05 	
1150.94 	0.0001 	1.61738e-08 	0.843947 	0.0780266 	0.0780266 	-0.17315 	-1.42852e-05 	
1154.96 	0.0001 	1.61738e-08 	0.843947 	0.0780266 	0.0780266 	-0.17324 	-1.42852e-05 	
1160.99 	0.0001 	1.61738e-08 	0.843947 	0.0780266 	0.0780266 	-0.173345 	-1.42852e-05 	
1165.34 	0.0001 	1.61738e-08 	0.843947 	0.0780266 	0.0780266 	-0.17347 	-1.42852e-05 	
1169.38 	0.0001 	1.61738e-08 	0.843947 	0.0780266 	0.0780266 	-0.173559 	-1.42852e-05 	
1175.44 	0.0001 	1.61738e-08 	0.843947 	0.0780266 	0.0780266 	-0.173662 	-1.42852e-05 	
1179.81 	0.0001 	1.61738e-08 	0.843947 	0.0780266 	0.0780266 	-0.173786 	-1.42852e-05 	
1183.86 	0.0001 	1.61738e-08 	0.843947 	0.0780266 	0.0780266 	-0.173873 	-1.42852e-05 	
1189.93 	0.0001 	1.61738e-08 	0.843947 	0.0780266 	0.0780266 	-0.173974 	-1.42852e-05 	
1194.27 	0.0001 	1.61738e-08 	0.843947 	0.0780266 	0.0780266 	-0.174095 	-1.42852e-05 	
1198.3 	0.0001 	1.61738e-08 	0.843947 	0.0780266 	0.0780266 	-0.17418 	-1.42852e-05 	
1204.25 	0.0001 	1.61738e-08 	0.843947 	0.0780266 	0.0780266 	-0.174278 	-1.42851e-05 	
1208.65 	0.0001 	1.61738e-08 	0.843947 	0.0780266 	0.0780266 	-0.174396 	-1.42851e-05 	
1212.77 	0.0001 	1.61738e-08 	0.843947 	0.0780266 	0.0780266 	-0.174482 	-1.42851e-05 	
1218.95 	0.0001 	1.61738e-08 	0.843947 	0.0780266 	0.0780266 	-0.174581 	-1.42851e-05 	
1223.37 	0.0001 	1.61738e-08 	0.843947 	0.0780266 	0.0780266 	-0.174699 	-1.42851e-05 	
1227.54 	0.0001 	1.61738e-08 	0.843947 	0.0780266 	0.0780266 	-0.174784 	-1.42851e-05 	
1233.65 	0.0001 	1.61738e-08 	0.843947 	0.0780266 	0.0780266 	-0.174881 	-1.42851e-05 	
1238.1 	0.0001 	1.61738e-08 	0.843947 	0.0780266 	0.0780266 	-0.174997 	-1.42851e-05 	
1242.36 	0.0001 	1.61738e-08 	0.843947 	0.0780266 	0.0780266 	-0.175082 	-1.42851e-05 	
1248.48 	0.0001 	1.61738e-08 	0.843947 	0.0780266 	0.0780266 	-0.175178 	-1.42851e-05 	
1253.15 	0.0001 	1.61738e-08 	0.843947 	0.0780266 	0.0780266 	-0.175295 	-1.42851e-05 	
1257.62 	0.0001 	1.61738e-08 	0.843947 	0.0780266 	0.0780266 	-0.175383 	-1.42851e-05 	
1264.07 	0.0001 	1.61738e-08 	0.843947 	0.0780266 	0.0780266 	-0.175482 	-1.42851e-05 	
1269.11 	0.0001 	1.61738e-08 	0.843947 	0.0780266 	0.0780266 	-0.175607 	-1.42851e-05 	
1274.02 	0.0001 	1.61738e-08 	0.843947 	0.0780266 	0.0780266 	-0.175701 	-1.42851e-05 	
1280.84 	0.0001 	1.61738e-08 	0.843947 	0.0780266 	0.0780266 	-0.175806 	-1.42851e-05 	
1286.66 	0.0001 	1.61738e-08 	0.843947 	0.0780266 	0.0780266 	-0.175943 	-1.42851e-05 	
1292.38 	0.0001 	1.61738e-08 	0.843947 	0.0780266 	0.0780266 	-0.176051 	-1.42851e-05 	
1300.08 	0.0001 	1.61738e-08 	0.843947 	0.0780266 	0.0780266 	-0.176168 	-1.42851e-05 	
1306.35 	0.0001 	1.61738e-08 	0.843947 	0.0780266 	0.0780266 	-0.176313 	-1.42851e-05 	
1312.15 	0.0001 	1.61738e-08 	0.843947 	0.0780266 	0.0780266 	-0.176421 	-1.42851e-05 	
1320.18 	0.0001 	1.61738e-08 	0.843947 	0.0780266 	0.0780266 	-0.176539 	-1.42851e-05 	
1326.13 	0.0001 	1.61738e-08 	0.843947 	0.0780266 	0.0780266 	-0.176678 	-1.42851e-05 	
1331.78 	0.0001 	1.61738e-08 	0.843947 	0.0780266 	0.0780266 	-0.176781 	-1.42851e-05 	
1339.11 	0.0001 	1.61738e-08 	0.843947 	0.0780266 	0.0780266 	-0.176891 	-1.42851e-05 	
1345.52 	0.0001 	1.61738e-08 	0.843947 	0.0780266 	0.0780266 	-0.17703 	-1.42851e-05 	
1351.86 	0.0001 	1.61738e-08 	0.843947 	0.0780266 	0.0780266 	-0.177144 	-1.42851e-05 	
1359.74 	0.0001 	1.61738e-08 	0.843947 	0.0780266 	0.0780266 	-0.177263 	-1.42851e-05 	
1366.87 	0.0001 	1.61738e-08 	0.843947 	0.0780266 	0.0780266 	-0.177411 	-1.42851e-05 	
1373.82 	0.0001 	1.61738e-08 	0.843947 	0.0780266 	0.0780266 	-0.177534 	-1.42851e-05 	
1382.86 	0.0001 	1.61738e-08 	0.843947 	0.0780266 	0.0780266 	-0.177665 	-1.42851e-05 	
1389.87 	0.0001 	1.61738e-08 	0.843947 	0.0780266 	0.0780266 	-0.177816 	-1.42851e-05 	
1396.49 	0.0001 	1.61738e-08 	0.843947 	0.0780266 	0.0780266 	-0.177931 	-1.42851e-05 	
1405.16 	0.0001 	1.61738e-08 	0.843947 	0.0780266 	0.0780266 	-0.178054 	-1.42851e-05 	
1412.16 	0.0001 	1.61738e-08 	0.843947 	0.0780266 	0.0780266 	-0.178201 	-1.42851e-05 	
1419.12 	0.0001 	1.61738e-08 	0.843947 	0.0780266 	0.0780266 	-0.17832 	-1.42851e-05 	
1427.54 	0.0001 	1.61738e-08 	0.843947 	0.0780266 	0.0780266 	-0.178443 	-1.42851e-05 	
1435.79 	0.0001 	1.61738e-08 	0.843947 	0.0780266 	0.0780266 	-0.178604 	-1.42851e-05 	
1444.47 	0.0001 	1.61738e-08 	0.843947 	0.0780266 	0.0780266 	-0.178743 	-1.42851e-05 	
1453.86 	0.0001 	1.61738e-08 	0.843947 	0.0780266 	0.0780266 	-0.178908 	-1.42851e-05 	
1467.94 	0.0001 	1.61738e-08 	0.843947 	0.0780266 	0.0780266 	-0.179091 	-1.42851e-05 	
1476.96 	0.0001 	1.61738e-08 	0.843947 	0.0780266 	0.0780266 	-0.179292 	-1.42851e-05 	
1485.19 	0.0001 	1.61738e-08 	0.843947 	0.0780266 	0.0780266 	-0.179428 	-1.42851e-05 	
1495.75 	0.0001 	1.61738e-08 	0.843947 	0.0780266 	0.0780266 	-0.179572 	-1.42851e-05 	
1504.78 	0.0001 	1.61738e-08 	0.843947 	0.0780266 	0.0780266 	-0.179749 	-1.42851e-05 	
1513.9 	0.0001 	1.61738e-08 	0.843947 	0.0780266 	0.0780266 	-0.179895 	-1.42851e-05 	
1524.56 	0.0001 	1.61738e-08 	0.843947 	0.0780266 	0.0780266 	-0.180069 	-1.42851e-05 	
1539.69 	0.0001 	1.61738e-08 	0.843947 	0.0780266 	0.0780266 	-0.180262 	-1.42851e-05 	
1550.9 	0.0001 	1.61738e-08 	0.843947 	0.0780266 	0.0780266 	-0.180491 	-1.42851e-05 	
1560.22 	0.0001 	1.61738e-08 	0.843947 	0.0780266 	0.0780266 	-0.180638 	-1.42851e-05 	
1574.2 	0.0001 	1.61738e-08 	0.843947 	0.0780266 	0.0780266 	-0.18081 	-1.42851e-05 	
1583.16 	0.0001 	1.61738e-08 	0.843947 	0.0780266 	0.0780266 	-0.180999 	-1.42851e-05 	
1591.91 	0.0001 	1.61738e-08 	0.843947 	0.0780266 	0.0780266 	-0.181136 	-1.42851e-05 	
1603.33 	0.0001 	1.61738e-08 	0.843947 	0.0780266 	0.0780266 	-0.181281 	-1.42851e-05 	
1612.77 	0.0001 	1.61738e-08 	0.843947 	0.0780266 	0.0780266 	-0.181458 	-1.42852e-05 	
1621.48 	0.0001 	1.61738e-08 	0.843947 	0.0780266 	0.0780266 	-0.181592 	-1.42852e-05 	
1633.93 	0.0001 	1.61738e-08 	0.843947 	0.0780266 	0.0780266 	-0.181743 	-1.42852e-05 	
1644.11 	0.0001 	1.61738e-08 	0.843947 	0.0780266 	0.0780266 	-0.181937 	-1.42852e-05 	
1653.06 	0.0001 	1.61738e-08 	0.843947 	0.0780266 	0.0780266 	-0.182072 	-1.42852e-05 	
1666.49 	0.0001 	1.61738e-08 	0.843947 	0.0780266 	0.0780266 	-0.182229 	-1.42852e-05 	
1676.34 	0.0001 	1.61738e-08 	0.843947 	0.0780266 	0.0780266 	-0.18242 	-1.42852e-05 	
1685.47 	0.0001 	1.61738e-08 	0.843947 	0.0780266 	0.0780266 	-0.182555 	-1.42852e-05 	
1698.74 	0.0001 	1.61738e-08 	0.843947 	0.0780266 	0.0780266 	-0.182708 	-1.42852e-05 	
1709.39 	0.0001 	1.61738e-08 	0.843947 	0.0780266 	0.0780266 	-0.182905 	-1.42852e-05 	
1718.77 	0.0001 	1.61738e-08 	0.843947 	0.0780266 	0.0780266 	-0.183041 	-1.42852e-05 	
1732.83 	0.0001 	1.61738e-08 	0.843947 	0.0780266 	0.0780266 	-0.183199 	-1.42852e-05 	
1743.59 	0.0001 	1.61738e-08 	0.843947 	0.0780266 	0.0780266 	-0.183397 	-1.42852e-05 	
1753.25 	0.0001 	1.61738e-08 	0.843947 	0.0780266 	0.0780266 	-0.183534 	-1.42852e-05 	
1767.74 	0.0001 	1.61738e-08 	0.843947 	0.0780266 	0.0780266 	-0.183692 	-1.42852e-05 	
1778.93 	0.0001 	1.61738e-08 	0.843947 	0.0780266 	0.0780266 	-0.183892 	-1.42852e-05 	
1788.68 	0.0001 	1.61738e-08 	0.843947 	0.0780266 	0.0780266 	-0.184027 	-1.42852e-05 	
1803.32 	0.0001 	1.61738e-08 	0.843947 	0.0780266 	0.0780266 	-0.184183 	-1.42851e-05 	
1814.42 	0.0001 	1.61738e-08 	0.843947 	0.0780266 	0.0780266 	-0.184377 	-1.42851e-05 	
1824.12 	0.0001 	1.61738e-08 	0.843947 	0.0780266 	0.0780266 	-0.184506 	-1.42851e-05 	
1838.67 	0.0001 	1.61738e-08 	0.843947 	0.0780266 	0.0780266 	-0.184657 	-1.42851e-05 	
1849.23 	0.0001 	1.61738e-08 	0.843947 	0.0780266 	0.0780266 	-0.184837 	-1.42851e-05 	
1858.36 	0.0001 	1.61738e-08 	0.843947 	0.0780266 	0.0780266 	-0.184956 	-1.42851e-05 	
1872.06 	0.0001 	1.61738e-08 	0.843947 	0.0780266 	0.0780266 	-0.185093 	-1.42851e-05 	
1882 	0.0001 	1.61738e-08 	0.843947 	0.0780266 	0.0780266 	-0.185258 	-1.42851e-05 	
1890.85 	0.0001 	1.61738e-08 	0.843947 	0.0780266 	0.0780266 	-0.185369 	-1.42851e-05 	
1904.11 	0.0001 	1.61738e-08 	0.843947 	0.0780266 	0.0780266 	-0.185497 	-1.42851e-05 	
1913.97 	0.0001 	1.61738e-08 	0.843947 	0.0780266 	0.0780266 	-0.185654 	-1.42851e-05 	
1922.71 	0.0001 	1.61738e-08 	0.843947 	0.0780266 	0.0780266 	-0.18576 	-1.42851e-05 	
1935.81 	0.0001 	1.61738e-08 	0.843947 	0.0780266 	0.0780266 	-0.185882 	-1.42851e-05 	
1945.51 	0.0001 	1.61738e-08 	0.843947 	0.0780266 	0.0780266 	-0.186031 	-1.42851e-05 	
1954.2 	0.0001 	1.61738e-08 	0.843947 	0.0780266 	0.0780266 	-0.186132 	-1.42851e-05 	
1967.22 	0.0001 	1.61738e-08 	0.843947 	0.0780266 	0.0780266 	-0.186249 	-1.42851e-05 	
1976.91 	0.0001 	1.61738e-08 	0.843947 	0.0780266 	0.0780266 	-0.186392 	-1.42851e-05 	
1985.59 	0.0001 	1.61738e-08 	0.843947 	0.0780266 	0.0780266 	-0.186489 	-1.42851e-05 	
1998.6 	0.0001 	1.61738e-08 	0.843947 	0.0780266 	0.0780266 	-0.186601 	-1.42851e-05 	
2008.24 	0.0001 	1.61738e-08 	0.843947 	0.0780266 	0.0780266 	-0.186737 	-1.42851e-05 	
2016.91 	0.0001 	1.61738e-08 	0.843947 	0.0780266 	0.0780266 	-0.18683 	-1.42851e-05 	
2029.92 	0.0001 	1.61738e-08 	0.843947 	0.0780266 	0.0780266 	-0.186937 	-1.42851e-05 	
2039.56 	0.0001 	1.61738e-08 	0.843947 	0.0780266 	0.0780266 	-0.187067 	-1.42851e-05 	
2048.25 	0.0001 	1.61738e-08 	0.843947 	0.0780266 	0.0780266 	-0.187155 	-1.42851e-05 	
2061.28 	0.0001 	1.61738e-08 	0.843947 	0.0780266 	0.0780266 	-0.187257 	-1.42851e-05 	
2070.9 	0.0001 	1.61738e-08 	0.843947 	0.0780266 	0.0780266 	-0.18738 	-1.42851e-05 	
2079.6 	0.0001 	1.61738e-08 	0.843947 	0.0780266 	0.0780266 	-0.187464 	-1.42851e-05 	
2092.66 	0.0001 	1.61738e-08 	0.843947 	0.0780266 	0.0780266 	-0.18756 	-1.42851e-05 	
2102.29 	0.0001 	1.61738e-08 	0.843947 	0.0780266 	0.0780266 	-0.187677 	-1.42851e-05 	
2111.02 	0.0001 	1.61738e-08 	0.843947 	0.0780266 	0.0780266 	-0.187756 	-1.42851e-05 	
2124.12 	0.0001 	1.61738e-08 	0.843947 	0.0780266 	0.0780266 	-0.187847 	-1.4285e-05 	
2133.77 	0.0001 	1.61738e-08 	0.843947 	0.0780266 	0.0780266 	-0.187957 	-1.4285e-05 	
2142.54 	0.0001 	1.61738e-08 	0.843947 	0.0780266 	0.0780266 	-0.188032 	-1.4285e-05 	
2155.69 	0.0001 	1.61738e-08 	0.843947 	0.0780266 	0.0780266 	-0.188117 	-1.4285e-05 	
2165.36 	0.0001 	1.61738e-08 	0.843947 	0.0780266 	0.0780266 	-0.18822 	-1.4285e-05 	
2174.18 	0.0001 	1.61738e-08 	0.843947 	0.0780266 	0.0780266 	-0.18829 	-1.4285e-05 	
2187.4 	0.0001 	1.61738e-08 	0.843947 	0.0780266 	0.0780266 	-0.188369 	-1.4285e-05 	
2197.11 	0.0001 	1.61738e-08 	0.843947 	0.0780266 	0.0780266 	-0.188465 	-1.4285e-05 	
2205.98 	0.0001 	1.61738e-08 	0.843947 	0.0780266 	0.0780266 	-0.18853 	-1.4285e-05 	
2219.28 	0.0001 	1.61738e-08 	0.843947 	0.0780266 	0.0780266 	-0.188604 	-1.4285e-05 	
2229.05 	0.0001 	1.61738e-08 	0.843947 	0.0780266 	0.0780266 	-0.188692 	-1.4285e-05 	
2237.98 	0.0001 	1.61738e-08 	0.843947 	0.0780266 	0.0780266 	-0.188752 	-1.4285e-05 	
2251.39 	0.0001 	1.61738e-08 	0.843947 	0.0780266 	0.0780266 	-0.188821 	-1.4285e-05 	
2261.22 	0.0001 	1.61738e-08 	0.843947 	0.0780266 	0.0780266 	-0.188902 	-1.4285e-05 	
2270.23 	0.0001 	1.61738e-08 	0.843947 	0.0780266 	0.0780266 	-0.188957 	-1.4285e-05 	
2283.74 	0.0001 	1.61738e-08 	0.843947 	0.0780266 	0.0780266 	-0.189019 	-1.42849e-05 	
2293.65 	0.0001 	1.61738e-08 	0.843947 	0.0780266 	0.0780266 	-0.189092 	-1.42849e-05 	
2302.75 	0.0001 	1.61738e-08 	0.843947 	0.0780266 	0.0780266 	-0.189142 	-1.42849e-05 	
2316.39 	0.0001 	1.61738e-08 	0.843947 	0.0780266 	0.0780266 	-0.189199 	-1.42849e-05 	
2326.39 	0.0001 	1.61738e-08 	0.843947 	0.0780266 	0.0780266 	-0.189265 	-1.42849e-05 	
2335.58 	0.0001 	1.61738e-08 	0.843947 	0.0780266 	0.0780266 	-0.189309 	-1.42849e-05 	
2349.36 	0.0001 	1.61738e-08 	0.843947 	0.0780266 	0.0780266 	-0.18936 	-1.42849e-05 	
2359.47 	0.0001 	1.61738e-08 	0.843947 	0.0780266 	0.0780266 	-0.189418 	-1.42849e-05 	
2368.76 	0.0001 	1.61738e-08 	0.843947 	0.0780266 	0.0780266 	-0.189458 	-1.42849e-05 	
2382.69 	0.0001 	1.61738e-08 	0.843947 	0.0780266 	0.0780266 	-0.189502 	-1.42849e-05 	
2392.92 	0.0001 	1.61738e-08 	0.843947 	0.0780266 	0.0780266 	-0.189553 	-1.42849e-05 	
2402.32 	0.0001 	1.61738e-08 	0.843947 	0.0780266 	0.0780266 	-0.189588 	-1.42849e-05 	
2416.42 	0.0001 	1.61738e-08 	0.843947 	0.0780266 	0.0780266 	-0.189626 	-1.42848e-05 	
2426.77 	0.0001 	1.61738e-08 	0.843947 	0.0780266 	0.0780266 	-0.18967 	-1.42848e-05 	
2436.29 	0.0001 	1.61738e-08 	0.843947 	0.0780266 	0.0780266 	-0.189699 	-1.42848e-05 	
2450.58 	0.0001 	1.61738e-08 	0.843947 	0.0780266 	0.0780266 	-0.189731 	-1.42848e-05 	
2461.06 	0.0001 	1.61738e-08 	0.843947 	0.0780266 	0.0780266 	-0.189768 	-1.42848e-05 	
2470.71 	0.0001 	1.61738e-08 	0.843947 	0.0780266 	0.0780266 	-0.189793 	-1.42848e-05 	
2485.18 	0.0001 	1.61738e-08 	0.843947 	0.0780266 	0.0780266 	-0.18982 	-1.42848e-05 	
2495.8 	0.0001 	1.61738e-08 	0.843947 	0.0780266 	0.0780266 	-0.18985 	-1.42848e-05 	
2505.58 	0.0001 	1.61738e-08 	0.843947 	0.0780266 	0.0780266 	-0.18987 	-1.42848e-05 	
2520.24 	0.0001 	1.61738e-08 	0.843947 	0.0780266 	0.0780266 	-0.189891 	-1.42848e-05 	
2531.01 	0.0001 	1.61738e-08 	0.843947 	0.0780266 	0.0780266 	-0.189915 	-1.42848e-05 	
2540.91 	0.0001 	1.61738e-08 	0.843947 	0.0780266 	0.0780266 	-0.189931 	-1.42848e-05 	
2555.77 	0.0001 	1.61738e-08 	0.843947 	0.0780266 	0.0780266 	-0.189947 	-1.42848e-05 	
2566.69 	0.0001 	1.61738e-08 	0.843947 	0.0780266 	0.0780266 	-0.189966 	-1.42847e-05 	
2576.72 	0.0001 	1.61738e-08 	0.843947 	0.0780266 	0.0780266 	-0.189978 	-1.42847e-05 	
2591.77 	0.0001 	1.61738e-08 	0.843947 	0.0780266 	0.0780266 	-0.189991 	-1.42847e-05 	
2602.82 	0.0001 	1.61738e-08 	0.843947 	0.0780266 	0.0780266 	-0.190005 	-1.42847e-05 	
2612.98 	0.0001 	1.61738e-08 	0.843947 	0.0780266 	0.0780266 	-0.190014 	-1.42847e-05 	
2628.21 	0.0001 	1.61738e-08 	0.843947 	0.0780266 	0.0780266 	-0.190024 	-1.42847e-05 	
2639.39 	0.0001 	1.61738e-08 	0.843947 	0.0780266 	0.0780266 	-0.190034 	-1.42847e-05 	
2649.66 	0.0001 	1.61738e-08 	0.843947 	0.0780266 	0.0780266 	-0.190042 	-1.42847e-05 	
2665.05 	0.0001 	1.61738e-08 	0.843947 	0.0780266 	0.0780266 	-0.190049 	-1.42847e-05 	
2676.35 	0.0001 	1.61738e-08 	0.843947 	0.0780266 	0.0780266 	-0.190058 	-1.42847e-05 	
2686.71 	0.0001 	1.61738e-08 	0.843947 	0.0780266 	0.0780266 	-0.190065 	-1.42847e-05 	
2702.23 	0.0001 	1.61738e-08 	0.843947 	0.0780266 	0.0780266 	-0.190072 	-1.42847e-05 	
2713.63 	0.0001 	1.61738e-08 	0.843947 	0.0780266 	0.0780266 	-0.190081 	-1.42847e-05 	
2724.05 	0.0001 	1.61738e-08 	0.843947 	0.0780266 	0.0780266 	-0.190088 	-1.42847e-05 	
2739.67 	0.0001 	1.61738e-08 	0.843947 	0.0780266 	0.0780266 	-0.190096 	-1.42847e-05 	
2751.13 	0.0001 	1.61738e-08 	0.843947 	0.0780266 	0.0780266 	-0.190108 	-1.42847e-05 	
2761.58 	0.0001 	1.61738e-08 	0.843947 	0.0780266 	0.0780266 	-0.190116 	-1.42847e-05 	
2777.25 	0.0001 	1.61738e-08 	0.843947 	0.0780266 	0.0780266 	-0.190128 	-1.42847e-05 	
2789.35 	0.0001 	1.61738e-08 	0.843947 	0.0780266 	0.0780266 	-0.190144 	-1.42847e-05 	
2800.71 	0.0001 	1.61738e-08 	0.843947 	0.0780266 	0.0780266 	-0.190158 	-1.42848e-05 	
2817.76 	0.0001 	1.61738e-08 	0.843947 	0.0780266 	0.0780266 	-0.190177 	-1.42848e-05 	
2830.51 	0.0001 	1.61738e-08 	0.843947 	0.0780266 	0.0780266 	-0.190203 	-1.42848e-05 	
2841.52 	0.0001 	1.61738e-08 	0.843947 	0.0780266 	0.0780266 	-0.190223 	-1.42848e-05 	
2858.04 	0.0001 	1.61738e-08 	0.843947 	0.0780266 	0.0780266 	-0.190249 	-1.42848e-05 	
2869.86 	0.0001 	1.61738e-08 	0.843947 	0.0780266 	0.0780266 	-0.190285 	-1.42848e-05 	
2880.89 	0.0001 	1.61738e-08 	0.843947 	0.0780266 	0.0780266 	-0.190313 	-1.42849e-05 	
2897.44 	0.0001 	1.61738e-08 	0.843947 	0.0780266 	0.0780266 	-0.19035 	-1.42849e-05 	
2910.07 	0.0001 	1.61738e-08 	0.843947 	0.0780266 	0.0780266 	-0.190403 	-1.42849e-05 	
2921.12 	0.0001 	1.61738e-08 	0.843947 	0.0780266 	0.0780266 	-0.190443 	-1.42849e-05 	
2937.7 	0.0001 	1.61738e-08 	0.843947 	0.0780266 	0.0780266 	-0.190494 	-1.42849e-05 	
2949.6 	0.0001 	1.61738e-08 	0.843947 	0.0780266 	0.0780266 	-0.190563 	-1.4285e-05 	
2960.3 	0.0001 	1.61738e-08 	0.843947 	0.0780266 	0.0780266 	-0.190615 	-1.4285e-05 	
2976.35 	0.0001 	1.61738e-08 	0.843947 	0.0780266 	0.0780266 	-0.19068 	-1.4285e-05 	
2988.24 	0.0001 	1.61738e-08 	0.843947 	0.0780266 	0.0780266 	-0.190769 	-1.42851e-05 	
2998.72 	0.0001 	1.61738e-08 	0.843947 	0.0780266 	0.0780266 	-0.190835 	-1.42851e-05 	
3014.44 	0.0001 	1.61738e-08 	0.843947 	0.0780266 	0.0780266 	-0.190917 	-1.42851e-05 	
3025.91 	0.0001 	1.61738e-08 	0.843947 	0.0780266 	0.0780266 	-0.191027 	-1.42852e-05 	
3036.06 	0.0001 	1.61738e-08 	0.843947 	0.0780266 	0.0780266 	-0.191106 	-1.42852e-05 	
3051.28 	0.0001 	1.61738e-08 	0.843947 	0.0780266 	0.0780266 	-0.191206 	-1.42853e-05 	
3062.46 	0.0001 	1.61738e-08 	0.843947 	0.0780266 	0.0780266 	-0.191337 	-1.42853e-05 	
3072.29 	0.0001 	1.61738e-08 	0.843947 	0.0780266 	0.0780266 	-0.191432 	-1.42853e-05 	
3087.04 	0.0001 	1.61738e-08 	0.843947 	0.0780266 	0.0780266 	-0.191549 	-1.42854e-05 	
3097.85 	0.0001 	1.61738e-08 	0.843947 	0.0780266 	0.0780266 	-0.191702 	-1.42854e-05 	
3107.33 	0.0001 	1.61738e-08 	0.843947 	0.0780266 	0.0780266 	-0.191811 	-1.42855e-05 	
3121.56 	0.0001 	1.61738e-08 	0.843947 	0.0780266 	0.0780266 	-0.191945 	-1.42855e-05 	
3130.34 	0.0001 	1.61738e-08 	0.843947 	0.0780266 	0.0780266 	-0.192098 	-1.42856e-05 	
3138.85 	0.0001 	1.61738e-08 	0.843947 	0.0780266 	0.0780266 	-0.192212 	-1.42856e-05 	
3151.11 	0.0001 	1.61738e-08 	0.843947 	0.0780266 	0.0780266 	-0.192347 	-1.42856e-05 	
3161.99 	0.0001 	1.61738e-08 	0.843947 	0.0780266 	0.0780266 	-0.192546 	-1.42857e-05 	
3170.77 	0.0001 	1.61738e-08 	0.843947 	0.0780266 	0.0780266 	-0.192681 	-1.42857e-05 	
3183.94 	0.0001 	1.61738e-08 	0.843947 	0.0780266 	0.0780266 	-0.192846 	-1.42858e-05 	
3194.17 	0.0001 	1.61738e-08 	0.843947 	0.0780266 	0.0780266 	-0.193068 	-1.42858e-05 	
3202.19 	0.0001 	1.61738e-08 	0.843947 	0.0780266 	0.0780266 	-0.193209 	-1.42859e-05 	
3214.22 	0.0001 	1.61738e-08 	0.843947 	0.0780266 	0.0780266 	-0.19338 	-1.42859e-05 	
3221.46 	0.0001 	1.61738e-08 	0.843947 	0.0780266 	0.0780266 	-0.193567 	-1.42859e-05 	
3228.03 	0.0001 	1.61738e-08 	0.843947 	0.0780266 	0.0780266 	-0.193696 	-1.4286e-05 	
3236.97 	0.0001 	1.61738e-08 	0.843947 	0.0780266 	0.0780266 	-0.19384 	-1.4286e-05 	
3244.72 	0.0001 	1.61738e-08 	0.843947 	0.0780266 	0.0780266 	-0.194036 	-1.42861e-05 	
3250.2 	0.0001 	1.61738e-08 	0.843947 	0.0780266 	0.0780266 	-0.194153 	-1.42861e-05 	
3258.43 	0.0001 	1.61738e-08 	0.843947 	0.0780266 	0.0780266 	-0.194292 	-1.42861e-05 	
3265.27 	0.0001 	1.61738e-08 	0.843947 	0.0780266 	0.0780266 	-0.194485 	-1.42861e-05 	
3270.19 	0.0001 	1.61738e-08 	0.843947 	0.0780266 	0.0780266 	-0.194597 	-1.42862e-05 	
3277.57 	0.0001 	1.61738e-08 	0.843947 	0.0780266 	0.0780266 	-0.194731 	-1.42862e-05 	
3283.97 	0.0001 	1.61738e-08 	0.843947 	0.0780266 	0.0780266 	-0.194922 	-1.42862e-05 	
3288.53 	0.0001 	1.61738e-08 	0.843947 	0.0780266 	0.0780266 	-0.195033 	-1.42862e-05 	
3295.36 	0.0001 	1.61738e-08 	0.843947 	0.0780266 	0.0780266 	-0.195165 	-1.42863e-05 	
3301.44 	0.0001 	1.61738e-08 	0.843947 	0.0780266 	0.0780266 	-0.195357 	-1.42863e-05 	
3305.75 	0.0001 	1.61738e-08 	0.843947 	0.0780266 	0.0780266 	-0.195468 	-1.42863e-05 	
3312.21 	0.0001 	1.61738e-08 	0.843947 	0.0780266 	0.0780266 	-0.1956 	-1.42863e-05 	
3318.05 	0.0001 	1.61738e-08 	0.843947 	0.0780266 	0.0780266 	-0.195794 	-1.42864e-05 	
3322.18 	0.0001 	1.61738e-08 	0.843947 	0.0780266 	0.0780266 	-0.195906 	-1.42864e-05 	
3328.37 	0.0001 	1.61738e-08 	0.843947 	0.0780266 	0.0780266 	-0.196039 	-1.42864e-05 	
3334.01 	0.0001 	1.61738e-08 	0.843947 	0.0780266 	0.0780266 	-0.196235 	-1.42864e-05 	
3337.99 	0.0001 	1.61738e-08 	0.843947 	0.0780266 	0.0780266 	-0.196349 	-1.42865e-05 	
3343.97 	0.0001 	1.61738e-08 	0.843947 	0.0780266 	0.0780266 	-0.196484 	-1.42865e-05 	
3349.45 	0.0001 	1.61738e-08 	0.843947 	0.0780266 	0.0780266 	-0.196684 	-1.42865e-05 	
3353.32 	0.0001 	1.61738e-08 	0.843947 	0.0780266 	0.0780266 	-0.1968 	-1.42865e-05 	
3359.12 	0.0001 	1.61738e-08 	0.843947 	0.0780266 	0.0780266 	-0.196937 	-1.42865e-05 	
3364.46 	0.0001 	1.61738e-08 	0.843947 	0.0780266 	0.0780266 	-0.19714 	-1.42866e-05 	
3368.23 	0.0001 	1.61738e-08 	0.843947 	0.0780266 	0.0780266 	-0.197258 	-1.42866e-05 	
3373.87 	0.0001 	1.61738e-08 	0.843947 	0.0780266 	0.0780266 	-0.197397 	-1.42866e-05 	
3379.09 	0.0001 	1.61738e-08 	0.843947 	0.0780266 	0.0780266 	-0.197605 	-1.42866e-05 	
3382.76 	0.0001 	1.61738e-08 	0.843947 	0.0780266 	0.0780266 	-0.197725 	-1.42866e-05 	
3388.28 	0.0001 	1.61738e-08 	0.843947 	0.0780266 	0.0780266 	-0.197866 	-1.42867e-05 	
3393.37 	0.0001 	1.61738e-08 	0.843947 	0.0780266 	0.0780266 	-0.198077 	-1.42867e-05 	
3396.96 	0.0001 	1.61738e-08 	0.843947 	0.0780266 	0.0780266 	-0.198199 	-1.42867e-05 	
3402.35 	0.0001 	1.61738e-08 	0.843947 	0.0780266 	0.0780266 	-0.198343 	-1.42867e-05 	
3407.34 	0.0001 	1.61738e-08 	0.843947 	0.0780266 	0.0780266 	-0.198558 	-1.42867e-05 	
3410.86 	0.0001 	1.61738e-08 	0.843947 	0.0780266 	0.0780266 	-0.198681 	-1.42868e-05 	
3416.13 	0.0001 	1.61738e-08 	0.843947 	0.0780266 	0.0780266 	-0.198827 	-1.42868e-05 	
3421.01 	0.0001 	1.61738e-08 	0.843947 	0.0780266 	0.0780266 	-0.199046 	-1.42868e-05 	
3424.46 	0.0001 	1.61738e-08 	0.843947 	0.0780266 	0.0780266 	-0.199171 	-1.42868e-05 	
3429.62 	0.0001 	1.61738e-08 	0.843947 	0.0780266 	0.0780266 	-0.19932 	-1.42868e-05 	
3434.41 	0.0001 	1.61738e-08 	0.843947 	0.0780266 	0.0780266 	-0.199541 	-1.42868e-05 	
3437.78 	0.0001 	1.61738e-08 	0.843947 	0.0780266 	0.0780266 	-0.199668 	-1.42869e-05 	
3442.85 	0.0001 	1.61738e-08 	0.843947 	0.0780266 	0.0780266 	-0.199819 	-1.42869e-05 	
3447.54 	0.0001 	1.61738e-08 	0.843947 	0.0780266 	0.0780266 	-0.200043 	-1.42869e-05 	
3450.85 	0.0001 	1.61738e-08 	0.843947 	0.0780266 	0.0780266 	-0.200173 	-1.42869e-05 	
3455.81 	0.0001 	1.61738e-08 	0.843947 	0.0780266 	0.0780266 	-0.200325 	-1.42869e-05 	
3460.41 	0.0001 	1.61738e-08 	0.843947 	0.0780266 	0.0780266 	-0.200552 	-1.42869e-05 	
3463.66 	0.0001 	1.61738e-08 	0.843947 	0.0780266 	0.0780266 	-0.200683 	-1.42869e-05 	
3468.54 	0.0001 	1.61738e-08 	0.843947 	0.0780266 	0.0780266 	-0.200838 	-1.4287e-05 	
3473.05 	0.0001 	1.61738e-08 	0.843947 	0.0780266 	0.0780266 	-0.201068 	-1.4287e-05 	
3476.24 	0.0001 	1.61738e-08 	0.843947 	0.0780266 	0.0780266 	-0.2012 	-1.4287e-05 	
3481.02 	0.0001 	1.61738e-08 	0.843947 	0.0780266 	0.0780266 	-0.201356 	-1.4287e-05 	
3485.46 	0.0001 	1.61738e-08 	0.843947 	0.0780266 	0.0780266 	-0.201589 	-1.4287e-05 	
3488.59 	0.0001 	1.61738e-08 	0.843947 	0.0780266 	0.0780266 	-0.201723 	-1.4287e-05 	
3493.29 	0.0001 	1.61738e-08 	0.843947 	0.0780266 	0.0780266 	-0.201881 	-1.4287e-05 	
3497.64 	0.0001 	1.61738e-08 	0.843947 	0.0780266 	0.0780266 	-0.202116 	-1.4287e-05 	
3500.72 	0.0001 	1.61738e-08 	0.843947 	0.0780266 	0.0780266 	-0.202251 	-1.4287e-05 	
3505.34 	0.0001 	1.61738e-08 	0.843947 	0.0780266 	0.0780266 	-0.202411 	-1.42871e-05 	
3509.62 	0.0001 	1.61738e-08 	0.843947 	0.0780266 	0.0780266 	-0.202648 	-1.42871e-05 	
3512.64 	0.0001 	1.61738e-08 	0.843947 	0.0780266 	0.0780266 	-0.202785 	-1.42871e-05 	
3517.18 	0.0001 	1.61738e-08 	0.843947 	0.0780266 	0.0780266 	-0.202946 	-1.42871e-05 	
3521.39 	0.0001 	1.61738e-08 	0.843947 	0.0780266 	0.0780266 	-0.203186 	-1.42871e-05 	
3524.36 	0.0001 	1.61738e-08 	0.843947 	0.0780266 	0.0780266 	-0.203324 	-1.42871e-05 	
3528.82 	0.0001 	1.61738e-08 	0.843947 	0.0780266 	0.0780266 	-0.203487 	-1.42871e-05 	
3532.96 	0.0001 	1.61738e-08 	0.843947 	0.0780266 	0.0780266 	-0.203728 	-1.42871e-05 	
3535.89 	0.0001 	1.61738e-08 	0.843947 	0.0780266 	0.0780266 	-0.203868 	-1.42871e-05 	
3540.28 	0.0001 	1.61738e-08 	0.843947 	0.0780266 	0.0780266 	-0.204031 	-1.42871e-05 	
3544.35 	0.0001 	1.61738e-08 	0.843947 	0.0780266 	0.0780266 	-0.204275 	-1.42872e-05 	
3547.23 	0.0001 	1.61738e-08 	0.843947 	0.0780266 	0.0780266 	-0.204416 	-1.42872e-05 	
3551.55 	0.0001 	1.61738e-08 	0.843947 	0.0780266 	0.0780266 	-0.204581 	-1.42872e-05 	
3555.55 	0.0001 	1.61738e-08 	0.843947 	0.0780266 	0.0780266 	-0.204826 	-1.42872e-05 	
3558.39 	0.0001 	1.61738e-08 	0.843947 	0.0780266 	0.0780266 	-0.204968 	-1.42872e-05 	
3562.64 	0.0001 	1.61738e-08 	0.843947 	0.0780266 	0.0780266 	-0.205135 	-1.42872e-05 	
3566.58 	0.0001 	1.61738e-08 	0.843947 	0.0780266 	0.0780266 	-0.205382 	-1.42872e-05 	
3569.38 	0.0001 	1.61738e-08 	0.843947 	0.0780266 	0.0780266 	-0.205524 	-1.42872e-05 	
3573.56 	0.0001 	1.61738e-08 	0.843947 	0.0780266 	0.0780266 	-0.205692 	-1.42872e-05 	
3577.45 	0.0001 	1.61738e-08 	0.843947 	0.0780266 	0.0780266 	-0.205941 	-1.42872e-05 	
3580.2 	0.0001 	1.61738e-08 	0.843947 	0.0780266 	0.0780266 	-0.206085 	-1.42872e-05 	
3584.33 	0.0001 	1.61738e-08 	0.843947 	0.0780266 	0.0780266 	-0.206254 	-1.42872e-05 	
3588.15 	0.0001 	1.61738e-08 	0.843947 	0.0780266 	0.0780266 	-0.206504 	-1.42872e-05 	
3590.86 	0.0001 	1.61738e-08 	0.843947 	0.0780266 	0.0780266 	-0.206649 	-1.42872e-05 	
3594.93 	0.0001 	1.61738e-08 	0.843947 	0.0780266 	0.0780266 	-0.206819 	-1.42872e-05 	
3598.7 	0.0001 	1.61738e-08 	0.843947 	0.0780266 	0.0780266 	-0.207071 	-1.42873e-05 	
3600 	0.0001 	1.61738e-08 	0.843947 	0.0780266 	0.0780266 	-0.207142 	-1.42873e-05 	
